2
7
46
51
38
40
44
50
62
114
90
115
97
84
95
101
113
75
99
148
96
174
175
170
178
142
186
240
100
207
149
169
249
179
154
202
157
159
458
319
269
242
483
273
337
364
350
439
559
468
355
475
358
443
321
287
573
640
301
636
494
546
417
328
370
678
708
369
662
896
665
496
641
335
291
357
818
436
745
553
332
424
844
754
931
542
1057
849
533
474
807
437
786
645
551
1086
574
1027
1128
580
1382
631
650
705
637
672
663
930
654
1305
1197
1083
957
710
841
737
927
1029
831
1146
756
726
1298
681
793
859
1052
1172
1001
1016
912
1583
773
587
1540
1570
655
973
1124
1431
1178
894
989
834
1862
1019
1051
1895
1017
1265
2047
998
1644
1348
1620
2171
765
1692
1043
1953
1271
1731
1471
1087
1223
1041
1042
2089
1769
1355
1507
1220
1436
1090
1729
1140
1868
1465
1122
1035
1085
1942
1491
1929
1068
1818
1472
2610
2720
1714
2686
2898
1174
1648
1380
1287
2437
1210
999
1509
