80
156
268
435
393
295
432
543
220
375
711
461
441
960
934
916
808
790
809
717
961
1351
1002
1290
1695
728
903
602
1319
1076
1490
1600
1403
1915
1152
2451
1186
2442
2563
2653
1999
2705
2479
3804
3457
1938
3815
2085
2707
3287
4205
3350
2382
3683
4589
4251
3734
2493
3167
5199
5396
4796
5205
5732
6662
5903
6909
5276
5440
3571
4846
5481
6632
6137
3962
4772
6581
6249
6300
5959
5600
7181
7602
3772
7372
6755
4545
5540
6952
6145
8940
4675
10256
7282
8829
9198
9014
9170
8575
7778
6928
9778
8824
9632
7744
7192
9957
10417
11442
10745
6635
7117
12035
8689
7329
11933
8554
11492
8271
7384
10916
11816
10915
10334
11757
11263
7609
10218
13537
12567
12023
12364
8039
11710
11057
13302
9722
7807
14041
13580
16914
16382
15542
12114
15427
13633
13460
12338
15162
15151
13403
9819
14629
14694
12552
16240
15964
14787
10970
13296
15571
13279
13129
12772
10143
16204
15444
14801
10134
16484
15179
13778
15249
14586
13520
18177
12280
16056
15622
16415
12393
16254
19818
18294
10685
20792
18179
17984
19345
17516
17401
16326
15030
13414
20155
17627
15371
15010
13481
13422
