1
0
4
5
9
6
16
21
22
23
15
26
27
31
32
34
37
25
55
54
45
71
79
77
91
92
116
109
68
121
145
127
128
103
125
152
167
184
122
98
197
196
232
190
193
201
188
209
216
278
253
322
276
282
163
192
286
343
263
366
365
448
408
356
195
213
252
386
450
428
415
427
519
353
419
394
455
459
525
320
537
290
541
503
476
383
521
513
405
500
509
523
498
480
518
396
527
567
552
315
535
460
598
501
429
547
590
592
649
656
558
689
572
824
340
606
604
642
612
684
762
621
635
620
633
589
772
556
652
338
668
666
487
449
683
586
520
464
729
904
836
764
410
794
803
784
813
768
609
761
853
938
846
942
402
1062
755
864
968
623
876
1205
884
694
966
900
603
870
907
906
577
1316
959
955
951
923
667
797
601
1000
1115
997
1157
1244
1137
1378
1021
1008
758
639
985
1138
576
812
922
1098
704
1439
1130
1099
